1;wangwei;28;Shunyi
2;gaoyan;26;Shunyi
3;momo;73;Shunyi
4;huha;52;Shunyi
